c = 0.15915494309189535
The mask rounded to integers
 001 244 22026 729416 8886110 39824784 65659969 39824784 8886110 729416 22026 244 001
 244 59874 5389698 178482300 2147483647 2147483647 2147483647 2147483647 2147483647 178482300 5389698 59874 244
 22026 5389698 485165195 2147483647 2147483647 2147483647 2147483647 2147483647 2147483647 2147483647 485165195 5389698 22026
 729416 178482300 2147483647 2147483647 2147483647 2147483647 2147483647 2147483647 2147483647 2147483647 2147483647 178482300 729416
 8886110 2147483647 2147483647 2147483647 2147483647 2147483647 2147483647 2147483647 2147483647 2147483647 2147483647 2147483647 8886110
 39824784 2147483647 2147483647 2147483647 2147483647 2147483647 2147483647 2147483647 2147483647 2147483647 2147483647 2147483647 39824784
 65659969 2147483647 2147483647 2147483647 2147483647 2147483647 2147483647 2147483647 2147483647 2147483647 2147483647 2147483647 65659969
 39824784 2147483647 2147483647 2147483647 2147483647 2147483647 2147483647 2147483647 2147483647 2147483647 2147483647 2147483647 39824784
 8886110 2147483647 2147483647 2147483647 2147483647 2147483647 2147483647 2147483647 2147483647 2147483647 2147483647 2147483647 8886110
 729416 178482300 2147483647 2147483647 2147483647 2147483647 2147483647 2147483647 2147483647 2147483647 2147483647 178482300 729416
 22026 5389698 485165195 2147483647 2147483647 2147483647 2147483647 2147483647 2147483647 2147483647 485165195 5389698 22026
 244 59874 5389698 178482300 2147483647 2147483647 2147483647 2147483647 2147483647 178482300 5389698 59874 244
 001 244 22026 729416 8886110 39824784 65659969 39824784 8886110 729416 22026 244 001
total = 2.7088267001568608E16
{{ 0.00000, 0.00000, 0.00000, 0.00000, 0.00000, 0.00000, 0.00000, 0.00000, 0.00000, 0.00000, 0.00000, 0.00000, 0.00000},
{ 0.00000, 0.00000, 0.00000, 0.00000, 0.00000, 0.00000, 0.00000, 0.00000, 0.00000, 0.00000, 0.00000, 0.00000, 0.00000},
{ 0.00000, 0.00000, 0.00000, 0.00000, 0.00001, 0.00003, 0.00005, 0.00003, 0.00001, 0.00000, 0.00000, 0.00000, 0.00000},
{ 0.00000, 0.00000, 0.00000, 0.00002, 0.00024, 0.00107, 0.00177, 0.00107, 0.00024, 0.00002, 0.00000, 0.00000, 0.00000},
{ 0.00000, 0.00000, 0.00001, 0.00024, 0.00292, 0.01306, 0.02154, 0.01306, 0.00292, 0.00024, 0.00001, 0.00000, 0.00000},
{ 0.00000, 0.00000, 0.00003, 0.00107, 0.01306, 0.05855, 0.09653, 0.05855, 0.01306, 0.00107, 0.00003, 0.00000, 0.00000},
{ 0.00000, 0.00000, 0.00005, 0.00177, 0.02154, 0.09653, 0.15915, 0.09653, 0.02154, 0.00177, 0.00005, 0.00000, 0.00000},
{ 0.00000, 0.00000, 0.00003, 0.00107, 0.01306, 0.05855, 0.09653, 0.05855, 0.01306, 0.00107, 0.00003, 0.00000, 0.00000},
{ 0.00000, 0.00000, 0.00001, 0.00024, 0.00292, 0.01306, 0.02154, 0.01306, 0.00292, 0.00024, 0.00001, 0.00000, 0.00000},
{ 0.00000, 0.00000, 0.00000, 0.00002, 0.00024, 0.00107, 0.00177, 0.00107, 0.00024, 0.00002, 0.00000, 0.00000, 0.00000},
{ 0.00000, 0.00000, 0.00000, 0.00000, 0.00001, 0.00003, 0.00005, 0.00003, 0.00001, 0.00000, 0.00000, 0.00000, 0.00000},
{ 0.00000, 0.00000, 0.00000, 0.00000, 0.00000, 0.00000, 0.00000, 0.00000, 0.00000, 0.00000, 0.00000, 0.00000, 0.00000},
{ 0.00000, 0.00000, 0.00000, 0.00000, 0.00000, 0.00000, 0.00000, 0.00000, 0.00000, 0.00000, 0.00000, 0.00000, 0.00000}}
sum = 0.9999999999999991
